13
15
12
3
17
10
2
17
4
20
16
7
2
20
18
7
11
12
7
2
2
19
10
18
4
20
13
13
15
2
12
10
2
20
7
20
12
14
3
3
3
19
9
14
4
15
19
1
11
6
7
17
15
1
13
9
8
4
11
16
11
7
1
11
7
1
4
15
17
16
4
14
13
8
3
19
14
1
6
13
19
4
3
6
6
11
9
5
16
8
4
2
18
13
9
10
11
17
14
3
8
3
9
4
16
12
19
10
5
15
3
6
10
20
13
6
20
16
3
2
19
2
10
14
2
4
12
10
10
12
10
5
10
1
1
20
5
20
8
10
14
6
19
10
7
14
6
8
3
5
9
10
5
15
19
20
3
16
19
1
9
9
14
4
11
19
20
8
2
15
9
2
2
9
17
15
4
20
18
4
3
12
8
9
19
12
14
1
18
19
6
18
8
17
8
4
9
16
12
7
2
13
19
16
3
16
7
10
14
18
10
4
12
3
10
9
7
11
17
16
14
7
11
11
19
3
11
8
18
11
2
6
10
6
13
3
15
11
7
3
17
18
8
1
15
18
11
9
11
18
11
11
10
6
15
9
1
8
1
11
6
11
18
9
5
6
12
4
16
16
4
7
16
5
15
6
10
3
17
10
4
7
5
15
8
18
19
20
1
6
20
18
17
1
18
12
10
12
14
15
17
12
15
17
13
17
17
9
5
15
12
10
14
16
13
14
11
4
9
9
18
19
5
20
7
17
5
12
15
14
13
2
6
6
9
12
17
15
19
19
6
10
14
19
10
3
2
2
9
1
19
1
12
10
14
14
18
13
13
17
19
10
13
16
2
13
2
6
6
15
4
2
4
9
14
18
11
6
3
4
7
7
20
9
15
6
2
10
8
17
5
14
16
20
10
12
7
18
5
19
14
18
19
16
4
2
1
12
12
8
5
14
2
8
13
2
13
7
4
20
8
14
7
15
17
15
19
1
18
10
17
5
16
4
14
18
6
8
7
3
5
19
14
1
13
20
8
16
15
13
19
6
6
10
5
3
16
13
12
1
19
4
18
1
2
16
11
2
16
11
16
2
18
18
12
19
2
2
5
4
1
10
4
16
15
14
9
18
2
15
13
2
7
11
6
12
6
7
3
7
2
2
9
10
4
3
10
8
7
11
15
19
2
6
9
1
7
2
15
14
13
1
12
18
12
5
15
2
1
1
6
5
6
20
13
6
17
17
1
8
4
18
17
11
6
1
1
12
7
11
3
1
7
17
2
19
11
9
18
12
11
3
17
12
13
16
11
9
12
20
15
10
10
5
15
5
3
7
6
17
18
6
2
15
17
20
14
17
14
7
11
16
9
13
15
7
2
5
3
2
13
4
19
18
12
17
14
10
16
7
20
15
8
8
1
8
3
1
2
3
9
2
1
19
11
7
16
19
11
10
2
16
18
7
7
4
5
13
11
13
12
6
5
9
9
5
5
20
20
1
9
12
4
19
20
7
20
5
4
18
12
4
5
5
9
10
12
19
16
5
10
13
9
14
1
3
11
4
2
12
16
2
17
10
12
12
3
12
3
3
4
16
3
20
1
5
20
5
5
12
4
19
7
16
15
1
13
9
5
9
16
3
20
20
3
14
4
9
18
11
10
20
20
10
12
10
18
1
15
9
2
16
9
19
18
6
7
12
19
14
9
1
7
19
15
1
10
13
15
18
8
12
14
2
4
18
11
15
14
7
5
10
2
18
8
17
18
15
7
11
4
9
6
19
18
18
1
9
15
8
6
20
10
20
12
9
17
7
17
16
10
1
17
19
6
7
2
1
2
3
18
2
11
3
3
7
10
12
10
4
15
5
4
9
6
14
11
14
3
17
4
11
6
19
16
20
13
13
12
6
19
15
20
5
2
5
17
1
14
1
18
1
16
6
10
10
6
2
19
7
18
5
8
7
7
4
5
18
8
4
18
2
3
1
15
12
4
17
17
13
14
18
15
16
9
19
2
11
4
7
6
12
12
16
20
5
20
15
10
4
2
13
18
11
15
10
11
2
14
14
7
12
3
9
20
3
8
15
16
13
5
5
19
1
1
13
16
5
4
1
6
4
16
9
14
3
6
2
1
3
10
6
3
19
4
14
18
11
11
20
12
19
20
13
14
6
4
17
12
18
11
8
11
2
18
9
7
10
12
14
4
20
3
13
14
9
5
7
5
4
18
12
3
17
12
4
4
4
8
9
14
8
2
2
10
15
20
16
19
1
2
5
3
20
16
13
16
5
4
3
