3
20
36
1
7
17
27
14
4
20
6
24
39
28
2
14
39
18
28
17
37
11
45
19
43
2
25
12
10
41
3
13
18
48
8
25
27
5
20
33
48
37
13
13
44
15
15
15
39
50
41
45
29
31
12
20
29
3
7
1
28
5
15
6
22
28
28
9
36
16
16
22
35
13
44
44
30
28
2
43
34
14
31
9
39
41
37
22
38
24
14
34
18
22
24
12
18
34
32
5
24
13
42
30
26
20
10
12
49
41
2
9
9
34
17
48
12
22
16
45
12
39
18
27
9
20
44
13
16
4
34
2
4
4
37
45
32
49
46
30
39
38
6
14
11
3
1
49
24
20
10
29
42
50
6
28
9
11
5
24
50
11
38
25
28
38
32
34
38
29
38
36
35
9
4
44
6
13
47
1
7
17
27
3
39
14
37
49
14
32
37
41
12
33
41
3
9
49
23
32
39
49
9
25
47
27
17
29
22
25
41
4
42
45
33
22
28
26
38
46
25
18
32
40
8
14
39
26
3
9
45
24
18
21
3
9
35
43
9
6
17
30
46
10
37
47
36
3
21
32
29
23
24
21
24
50
37
14
34
50
26
41
41
18
26
13
7
47
16
50
14
37
5
1
30
11
47
3
13
12
35
15
42
39
1
16
41
22
20
21
9
47
25
43
19
32
31
4
24
2
13
13
24
47
22
12
20
44
20
9
48
25
32
22
20
25
27
49
17
28
31
38
40
33
5
46
28
37
35
16
6
9
49
2
13
27
33
24
15
4
8
5
50
30
5
1
36
29
12
27
10
10
2
10
41
37
12
12
35
12
34
48
25
32
45
24
46
17
33
6
18
22
7
29
31
14
24
39
3
17
48
4
44
11
39
32
13
9
2
18
20
37
5
9
39
10
40
33
8
4
15
4
17
36
8
5
37
1
11
25
3
25
33
22
46
36
18
16
50
16
13
18
43
35
15
22
22
15
31
4
13
23
38
18
2
18
28
12
27
44
14
26
3
11
45
42
38
3
8
17
30
16
13
2
6
3
14
10
17
26
41
43
8
48
30
22
16
2
13
27
19
28
17
48
27
26
47
29
19
32
13
16
41
35
33
8
3
25
34
38
46
19
28
19
17
48
29
4
41
6
41
36
45
46
22
10
20
36
43
17
16
6
50
11
27
40
47
31
14
19
2
4
20
6
7
40
42
28
2
8
4
12
28
21
25
7
24
19
25
50
22
12
45
7
28
11
49
8
49
31
14
50
41
37
26
37
29
28
24
45
50
16
43
31
45
22
32
30
35
11
44
2
25
34
45
42
26
29
47
6
18
1
24
2
41
46
44
16
4
24
23
49
27
12
47
12
22
29
5
24
46
26
14
49
50
17
45
33
33
26
33
48
5
29
33
48
25
30
2
47
20
21
1
40
17
27
23
10
40
27
3
43
32
7
8
26
27
35
24
34
36
21
24
20
13
31
30
16
13
46
8
18
41
42
27
42
39
4
35
31
28
47
48
48
2
10
26
46
50
50
3
19
8
19
32
26
18
7
7
25
39
22
21
2
31
42
44
21
9
31
26
27
14
34
48
1
41
36
20
49
10
25
11
28
1
36
6
25
21
24
35
34
36
46
42
24
19
45
19
41
12
12
21
16
27
1
20
44
9
21
42
43
44
6
3
33
10
22
25
26
9
36
8
38
30
2
35
28
21
18
41
31
40
50
40
16
33
45
32
28
33
38
13
12
2
6
17
23
14
28
44
4
20
45
45
9
37
50
28
39
37
48
48
29
32
45
8
12
20
29
18
20
34
43
11
23
30
14
49
42
6
36
1
9
2
6
48
42
29
16
22
40
35
40
50
37
37
4
21
28
8
7
3
30
29
43
23
5
36
31
46
48
32
37
27
44
26
20
5
42
25
5
7
36
33
3
12
41
31
8
21
36
40
3
50
15
50
33
25
43
6
9
12
12
22
4
39
22
12
2
34
46
17
12
35
48
3
1
38
13
28
28
41
18
48
21
12
40
42
27
7
34
4
39
26
14
48
9
48
13
42
22
13
41
48
50
45
8
13
40
31
30
6
34
24
34
10
49
29
44
41
23
30
11
48
34
32
33
16
8
8
30
49
23
19
35
42
49
19
40
14
47
41
3
21
39
38
8
44
13
2
29
13
29
37
38
35
42
30
9
13
44
27
16
21
15
14
26
10
15
45
46
19
33
50
29
26
40
8
5
40
47
3
25
14
3
41
12
24
41
39
27
46
46
6
1
17
16
39
42
